17
97
113
193
241
257
337
353
401
433
449
577
593
641
673
769
881
929
977
1009
1153
1201
1217
1249
1297
1361
1409
3
19
1489
67
83
1553
131
1601
163
179
211
227
1697
307
419
467
499
547
563
1777
643
659
1873
691
1889
739
787
2017
883
2081
947
2113
2129
1091
2161
1123
1171
2
1187
2273
2417
2593
1283
2609
2657
1427
2689
1459
2753
1523
2801
1571
2833
1619
1667
2897
1699
1747
3041
1811
3089
3121
1907
3137
1987
3169
2003
3217
2083
5
3313
37
53
2099
101
3329
2131
149
3361
2179
181
197
2243
3457
229
277
2339
293
2371
3617
373
389
2467
421
3697
2531
613
2579
661
3761
677
2659
709
3793
2707
757
773
3889
821
2803
853
2819
997
2851
1013
1061
1093
4001
1109
2963
1237
4049
1301
3011
4129
1381
4177
1429
3187
4241
3203
4273
3251
1493
3299
4289
3331
1621
4337
3347
1637
1669
4481
3491
1733
4513
3539
1861
4561
3571
1877
4657
1973
4673
3779
2053
4721
2069
4801
2213
3907
4817
2293
3923
2309
4003
2341
4993
2357
4019
5009
2389
4051
2437
4099
5153
2549
4211
5233
4243
2677
4259
2693
5281
2741
5297
2789
4339
2837
4451
2917
5393
4483
3061
5441
4547
3109
5521
4643
7
4691
23
5569
71
103
4723
151
167
199
4787
263
311
359
3221
439
5857
487
3253
4931
503
3301
599
5953
5011
631
5059
647
6113
3413
727
5107
743
3461
823
839
5171
3541
6257
887
3557
919
967
6337
983
5347
3637
1031
6353
1063
3701
5443
3733
1223
6449
5507
3797
6481
1303
1319
3877
1367
5651
1399
6529
3989
1447
5683
1511
4021
6577
1543
1559
5779
4133
1607
5827
6673
4229
1783
6689
5843
1831
4261
1847
6737
1879
5923
4357
5939
6833
4373
6961
4421
6977
5987
7057
2039
7121
6067
2087
6131
6163
7297
2311
6211
2423
4517
7393
2503
4549
6323
2551
4597
6451
2647
2663
2711
4789
6547
2791
6563
4933
2887
2903
6659
7457
2999
6691
7489
3079
6803
7537
3191
6883
5077
7649
3271
6899
3319
7681
6947
5189
3463
7027
5237
3511
7793
3527
5333
7043
3559
7841
3607
3623
7873
7187
3671
5381
3719
7219
5413
3767
7283
3847
41
5477
3863
7331
5557
73
89
3911
5573
137
3943
233
5653
7411
281
313
7937
409
4007
5669
457
7459
8017
521
5701
569
7507
601
5717
617
4231
7523
8081
5749
761
4327
809
5813
7603
857
4391
5861
937
4423
953
7699
8161
1033
1049
4519
6037
1097
4567
6053
1129
4583
7907
6101
4663
1193
6133
4679
1289
8209
4759
1321
8147
6197
4871
8273
8179
4903
1433
6229
1481
4919
8353
8243
6277
4951
1609
8369
8291
4967
1657
1721
6373
1753
8387
1801
4999
8419
1913
6389
8467
6421
1993
8513
6469
8563
5303
2089
8609
5351
2137
6581
8627
2153
8641
5399
8707
6661
2281
5431
8689
2297
8803
6709
8737
2377
8819
2393
8753
5479
6869
8867
2441
5527
8849
2473
8963
6917
2521
5591
9011
6949
5623
2617
9043
8929
6997
2633
9059
5639
7013
2713
9091
9041
2729
2777
7109
5783
9187
9137
2857
5879
9203
7237
2953
5927
9283
2969
9281
7253
3001
6007
3049
7333
9491
9377
6151
7349
3209
6199
9539
3257
6247
7477
9473
9587
6263
9619
9521
7541
6311
3433
11
7573
6343
3449
9811
43
9601
7589
6359
59
9859
3529
7621
107
9907
3593
9649
7669
139
9923
6551
3673
9697
251
7717
6599
283
3769
331
6679
347
9857
7829
379
3833
6791
7877
3881
6823
443
3929
491
6871
523
8053
571
587
4057
619
8069
683
8101
8117
6967
811
8293
4073
827
6983
859
8389
4153
907
971
7079
1019
8501
7127
1051
4201
7159
1163
4217
8581
1259
4297
7207
1291
8597
1307
4409
4441
8629
1451
4457
7351
8677
1483
1499
8693
1531
1579
4649
8741
7559
1627
4729
7591
1723
4793
8821
7607
1787
4889
8837
7639
1867
4937
1931
7687
4969
31
47
79
7703
8933
1979
5081
127
2011
191
5113
223
239
7879
271
2027
367
7927
383
9013
431
5209
2203
463
479
2251
607
2267
719
2347
751
2411
9029
863
2459
9109
8039
911
9157
8087
2539
991
9173
1039
2683
8167
1087
9221
1103
8231
1151
2699
5273
9349
1231
2731
1279
8263
9397
1327
2843
5417
9413
1423
2939
1439
2971
5449
8311
9461
1471
3019
8423
1487
3067
1567
3083
5641
1583
8599
3163
9733
1663
5657
8647
3259
9749
8663
5689
3307
1759
3323
9781
5737
1823
3371
1871
5801
3467
1951
9829
5849
1999
8807
3499
5881
9941
8839
3547
2063
5897
2111
3643
9973
8887
2143
6073
3659
2207
8951
3691
6089
2239
3739
2287
6121
2351
8999
3803
2383
6217
2399
13
29
61
9127
6329
2447
109
6361
157
2543
173
9239
2591
6473
269
3851
317
2671
349
9319
3931
2687
6521
3947
397
2719
461
9431
6553
2767
509
4027
9463
541
6569
2879
9479
4091
2927
4139
9511
6761
3023
4219
6793
9623
557
3119
653
3167
6841
701
733
4283
797
3343
829
3359
877
4363
3391
941
9719
3407
4507
1021
6857
4523
3583
4603
1069
1117
4651
3631
1181
7001
1213
3727
1229
1277
3823
1373
7129
1453
3919
7177
9767
1549
3967
4987
7193
1597
5003
4079
5051
1613
7321
4111
1693
5099
7369
1709
5147
4127
1741
5179
7417
5227
1789
4159
7433
5323
1901
4271
1933
7481
1949
5387
1997
4447
2029
5419
4463
7529
2141
5483
7561
2221
4591
2237
7577
5531
2269
4639
5563
2333
7673
2381
4703
5659
7753
4751
2477
4783
5851
7817
2557
4799
5867
2621
4831
6011
2749
7993
4943
2797
6043
8009
5023
2861
5039
8089
6091
5087
2909
5119
6203
5167
2957
8233
6299
3037
5231
6379
8297
5279
6427
3181
8329
6491
5407
8377
6571
5471
3229
6619
5503
8521
5519
3373
8537
3389
6763
5647
3469
6779
5711
3517
8681
3533
6827
5743
8713
6907
3581
5791
3613
6971
5807
8761
3677
5839
7019
3709
5903
3821
7211
3853
8969
7243
6047
9001
7307
3917
6079
4013
6143
9049
4093
7451
6271
9161
7499
6287
4157
7547
6367
7643
4253
7691
4349
7723
4397
6607
4493
9209
6703
7867
4621
6719
9241
4637
7883
9257
4733
7963
9337
4813
6863
4861
8011
9433
6911
4877
8059
9497
4909
6959
8123
4957
6991
8171
4973
9689
7039
5021
9721
8219
7103
5101
7151
5197
9769
8363
7247
9817
8443
9833
5261
8539
9929
7487
5309
8699
5437
7583
5501
8731
8747
5581
7727
8779
5693
7759
5741
8923
5821
7823
8971
5869
9067
7919
5981
7951
6029
9227
8111
9323
6173
8191
9371
6221
8287
9403
6269
9419
6301
6317
9467
8431
6397
9547
8447
9643
8527
6637
9739
8543
6653
9787
6701
8623
9803
6733
9851
8719
6781
9883
6829
8783
9931
8831
8863
7069
7213
9007
7229
9103
7309
7517
7549
7741
7757
9151
7789
9199
7853
9311
7901
9343
7933
9391
7949
9439
8093
9551
8221
9631
8237
9679
8269
8317
9743
8429
9791
8461
9839
9871
8573
9887
8669
9967
8861
8893
8941
9133
9181
9277
9293
9341
9421
9437
9533
9613
9629
9661
9677
9901
9949
