17
97
113
193
241
257
337
353
401
433
449
577
593
641
673
769
881
929
977
1009
2
1153
1201
1217
1249
1297
1361
1409
1489
1553
1601
1697
1777
1873
1889
2017
2081
2113
2129
2161
2273
2417
2593
2609
2657
2689
2753
2801
2833
2897
3041
3089
3121
3137
3169
3217
3313
3329
3361
3457
3
19
67
3617
83
131
163
3697
179
211
227
3761
307
3793
419
467
499
3889
547
563
643
659
691
739
4001
787
883
4049
947
4129
1091
4177
1123
4241
1171
1187
4273
1283
4289
4337
1427
1459
4481
1523
4513
1571
1619
4561
1667
1699
4657
1747
4673
1811
4721
1907
4801
1987
4817
2003
2083
2099
2131
4993
2179
5009
2243
2339
5153
2371
5233
2467
5281
2531
2579
5297
2659
2707
5393
2803
5441
2819
5521
2851
5569
2963
3011
3187
5857
3203
3251
5953
3299
3331
3347
6113
3491
3539
3571
6257
6337
3779
6353
3907
6449
3923
6481
4003
4019
6529
4051
4099
6577
4211
4243
6673
4259
6689
6737
4339
6833
4451
4483
6961
4547
6977
4643
4691
7057
4723
7121
4787
7297
4931
5011
7393
5059
5107
7457
5171
7489
7537
5347
7649
5443
7681
5507
7793
5651
7841
5683
7873
5779
5827
7937
5843
8017
5923
5939
8081
5987
8161
6067
8209
6131
6163
8273
6211
8353
6323
8369
6451
5
37
53
8513
101
149
6547
181
197
229
8609
277
6563
8641
6659
293
8689
6691
373
8737
389
421
6803
8753
613
6883
661
8849
677
6899
709
757
773
6947
821
8929
853
7027
997
7043
1013
9041
1061
1093
1109
7187
9137
1237
7219
1301
7283
9281
1381
7331
1429
1493
9377
1621
7411
1637
1669
7459
9473
1733
7507
9521
1861
7523
1877
1973
7603
9601
2053
2069
7699
9649
2213
9697
2293
2309
2341
7907
2357
9857
2389
2437
8147
2549
8179
10177
2677
8243
2693
10193
2741
8291
10273
2789
8387
2837
10289
2917
8419
10321
8467
3061
10337
3109
8563
10369
3221
3253
10433
3301
8627
10513
8707
3413
10529
3461
8803
3541
8819
3557
3637
8867
10657
3701
8963
3733
9011
10753
3797
9043
3877
9059
3989
9091
10993
4021
9187
4133
9203
11057
4229
9283
4261
4357
9491
4373
11329
4421
11393
9539
4517
11489
4549
9587
4597
9619
11617
9811
4789
11633
9859
4933
11681
9907
5077
9923
11777
5189
10067
5237
10099
11953
5333
11969
5381
10163
5413
10211
12049
10243
5477
12097
10259
5557
12113
5573
12161
5653
5669
10499
5701
10531
5717
12241
5749
12289
7
10627
23
71
5813
103
12401
151
167
10691
199
5861
263
311
359
10723
439
487
503
6037
10739
12433
6053
599
6101
631
6133
647
12497
727
10771
6197
743
823
12577
6229
839
10867
887
6277
919
10883
12641
967
983
6373
12689
1031
6389
10979
1063
12721
6421
11027
1223
6469
11059
1303
1319
6581
11171
1367
13009
1399
6661
1447
11251
6709
13121
1511
11299
1543
1559
6869
11411
13217
1607
11443
6917
13249
1783
6949
1831
11491
13297
1847
6997
1879
13313
11587
7013
2039
7109
2087
11699
13441
7237
11731
13457
7253
2311
11779
7333
13537
2423
11827
7349
2503
13553
2551
11923
7477
13633
2647
11939
2663
7541
13649
2711
11971
7573
13681
2791
7589
11987
2887
7621
13697
2903
7669
12163
13729
2999
7717
3079
12211
13841
7829
3191
12227
13873
7877
3271
12323
13921
3319
8053
3463
8069
3511
12451
8101
3527
3559
8117
12547
3607
3623
12611
8293
3671
3719
12659
3767
8389
3847
12739
8501
3863
3911
3943
8581
12899
8597
4007
8629
12979
8677
13043
4231
8693
4327
13171
8741
14033
4391
8821
4423
13187
8837
4519
13219
14081
4567
8933
13267
4583
9013
14177
4663
9029
13331
4679
9109
14321
13411
4759
9157
4871
9173
14369
13523
4903
9221
4919
14401
4951
13619
14449
4967
9349
4999
9397
14561
13763
14593
9413
9461
14657
5303
13859
5351
14737
5399
13907
14753
9733
5431
9749
5479
14897
5527
14051
9781
14929
5591
14083
5623
9829
15073
5639
14243
9941
15121
5783
14323
9973
15137
5879
14387
10037
15217
5927
14419
10069
15233
6007
14563
10133
15313
6151
10181
15329
14627
6199
15361
6247
10357
6263
15377
14723
6311
10453
15473
14771
6343
10501
6359
10597
15569
14851
41
6551
14867
73
10613
89
15601
137
6599
14947
15649
10709
233
6679
281
313
15091
15761
10789
6791
409
15107
10837
15809
457
10853
15139
521
6823
569
601
15187
15889
6871
10949
617
15937
761
6967
809
15299
16001
11093
6983
857
15331
937
16033
953
11173
7079
1033
1049
16097
7127
15427
1097
1129
7159
11317
1193
15443
16193
7207
1289
1321
1433
15619
16273
7351
1481
15667
11621
1609
16369
1657
15683
7559
1721
16417
11701
1753
15731
7591
11
43
16433
59
11717
107
7607
139
1801
15859
16481
251
7639
283
331
16529
7687
347
1913
379
7703
443
16561
1993
491
523
2089
571
16657
15907
587
7879
11813
619
2137
7927
15923
2153
683
16673
11909
15971
811
2281
827
8039
2297
859
907
8087
11941
971
2377
16067
1019
2393
8167
16993
1051
12037
2441
8231
2473
1163
12101
2521
1259
17041
8263
1291
16339
12149
2617
1307
8311
2633
12197
17137
16451
1451
8423
2713
1483
12277
2729
1499
1531
2777
12373
16547
1579
8599
2857
17377
1627
12421
8647
16691
2953
1723
17393
2969
8663
12437
16787
3001
1787
3049
1867
8807
12517
1931
16883
17489
8839
3209
1979
16931
8887
17569
12613
3257
2011
8951
16963
2027
3433
8999
17681
16979
12757
3449
2203
2251
17713
3529
2267
17011
12821
9127
3593
17729
2347
17027
12853
3673
2411
9239
17761
2459
12917
17107
3769
2539
17123
3833
17921
13093
3881
2683
17203
2699
13109
18049
9319
3929
2731
17299
18097
9431
2843
4057
9463
4073
2939
17443
9479
2971
4153
13381
9511
18257
3019
17491
13397
3067
4201
18289
3083
17539
13477
4217
18353
3163
4297
3259
18401
9623
4409
17683
3307
4441
18433
3323
13669
9719
4457
3371
17747
18481
9767
13781
3467
17827
3499
13829
18593
4649
3547
17891
4729
3643
13877
17923
10007
3659
4793
3691
10039
17939
3739
4889
10103
3803
14149
17971
4937
3851
10151
18913
14197
4969
17987
3931
10247
3947
5081
14293
19009
18131
4027
5113
10343
4091
10391
18211
14341
4139
19073
5209
10487
14389
14437
19121
14533
18307
4219
19249
4283
14549
4363
14629
19441
18371
5273
4507
14741
4523
19457
18451
4603
5417
14821
19489
4651
5449
14869
19553
10567
5641
4987
18691
5657
15013
10631
5003
5689
10663
5737
18787
5051
5801
15061
10711
19681
18803
5099
5849
15077
5147
5881
18899
19697
5179
5897
15173
5227
10903
18947
5323
15269
19777
6073
5387
18979
6089
11047
15349
5419
6121
5483
19793
15413
11159
6217
5531
19841
19139
11239
5563
19889
15461
6329
19219
11287
5659
6361
19937
15493
19267
6473
11351
5851
15541
6521
5867
20113
11383
19379
6553
15733
11399
20129
6569
19427
15749
11447
6011
20161
6043
11527
19507
15797
6761
20177
6091
6793
15877
19571
6841
6203
20353
15973
19603
6857
11719
6299
20369
11783
16069
6379
7001
11831
6427
19699
6491
16229
11863
19763
6571
13
29
61
20593
16421
7129
19843
109
6619
11927
7177
16453
19891
20641
11959
157
7193
173
6763
12007
269
6779
317
20753
7321
16661
12071
6827
7369
12119
20051
20849
16693
7417
6907
349
16741
7433
397
6971
20897
461
7481
12263
509
7019
541
20147
20929
557
7529
653
12343
16901
701
7561
7211
733
12391
21089
797
16981
829
12487
877
21121
7243
20323
17029
12503
941
7307
21169
7577
1021
12583
17077
1069
21313
7673
17093
12647
1117
7451
7753
1181
21377
7499
12743
1213
17189
1229
7817
7547
12791
1277
20483
12823
1373
17317
7643
1453
21521
17333
7691
7993
12919
20563
1549
21569
7723
8009
12967
1597
17477
21601
1613
12983
8089
20611
17509
1693
7867
1709
13063
21617
20627
1741
17573
1789
21649
8233
1901
20707
21713
1933
13127
17669
1949
8297
13159
1997
20771
8329
2029
17749
21841
8377
2141
13367
21937
2221
13399
17909
8521
2237
20899
13463
8537
17957
7883
22129
17989
20947
7963
13591
8681
2269
22193
8011
20963
2333
18133
13687
8059
22273
8713
2381
18149
21011
8123
13751
8761
22369
18181
8171
13799
21059
8219
18229
22433
13831
21107
8969
18341
22481
13879
8363
9001
21139
8443
2477
18517
2557
9049
21187
8539
14071
2621
22721
9161
14087
18661
2749
21283
8699
9209
22769
2797
8731
18757
9241
14327
2861
8747
18773
9257
2909
8779
22817
21347
14407
2957
31
8923
3037
47
21379
79
14423
127
22961
8971
191
9337
223
14503
3181
22993
9067
18869
14519
21491
3229
9433
23041
14551
18917
239
21523
3373
9227
9497
271
3389
19013
367
14759
383
9323
3469
14887
3517
431
19141
23057
463
9689
19157
9371
23201
9721
479
3533
19237
9403
14951
3581
9419
19301
607
3613
9769
14983
9467
719
19333
3677
751
9547
15031
23297
3709
19381
863
911
9643
3821
19429
991
3853
15271
9739
1039
19477
1087
9787
15287
1103
23473
3917
9803
15319
1151
9817
9851
1231
19541
4013
15383
9833
23537
9883
1279
4093
1327
15511
9931
23633
9929
4157
15527
19717
1423
10091
1439
10009
15559
1471
4253
1487
10139
15607
19813
1567
4349
1583
15671
4397
10169
1663
10267
19861
15767
1759
10331
4493
19973
1823
10313
1871
4621
10427
1951
15959
4637
23761
10457
15991
1999
4733
20021
10459
16007
2063
23857
4813
2111
20101
10651
10601
16087
2143
2207
4861
2239
23873
2287
4877
4909
2351
2383
4957
2399
4973
2447
24001
5021
2543
2591
24049
5101
2671
5197
2687
24097
2719
5261
2767
24113
2879
5309
16103
5437
2927
5501
3023
5581
16183
24337
3119
10667
5693
3167
16231
5741
24481
3343
5821
3359
10859
5869
3391
21587
16487
10891
3407
24593
5981
21683
6029
16519
3583
10939
20117
3631
10987
3727
20149
11003
16567
24977
21859
3823
11083
20261
6173
16631
25057
3919
6221
11131
3967
6269
22003
25073
20341
6301
4079
16759
6317
25121
4111
20357
6397
16823
11243
4127
25153
4159
22051
20389
16871
25169
4271
22067
6637
16903
6653
4447
11467
22147
4463
6701
11483
6733
20533
22259
25409
4591
17047
6781
11579
22291
20549
6829
25457
4639
22307
4703
4751
25537
7069
17159
4783
20693
25601
4799
17191
11867
4831
22483
7213
25633
20773
4943
7229
17207
5023
20789
7309
5039
22531
12011
5087
17239
25793
5119
12043
5167
7517
25841
22643
7549
20981
5231
17351
25873
12107
21013
5279
7741
17383
7757
25889
5407
21061
12203
5471
7789
5503
25969
17431
12251
5519
21157
7853
26017
5647
7901
5711
22691
12347
7933
21221
5743
26113
7949
12379
22739
17623
5791
26161
8093
21269
22787
5807
12491
8221
5839
26177
21317
8237
12539
5903
8269
17783
22963
26209
21397
12619
8317
6047
23011
17863
26321
6079
8429
21493
23027
6143
8461
17911
26417
12763
23059
6271
17959
8573
26449
6287
21557
23203
8669
12907
6367
26497
23251
21589
8861
18119
12923
8893
26513
6607
13003
8941
21701
18199
6703
23459
26561
6719
9133
26641
23539
13099
9181
6863
26737
9277
13147
6911
9293
23603
13163
26801
6959
9341
21893
6991
9421
26833
13259
7039
23747
7103
18311
9437
13291
22037
7151
26849
23827
9533
13339
7247
26881
9613
22133
13451
7487
9629
26993
18439
23971
9661
7583
27073
13499
18503
22229
24019
7727
18583
7759
24083
13627
22277
7823
13691
18679
7919
27281
24179
7951
13723
27329
22453
18743
8111
27361
24371
13883
22469
8191
18839
27409
9677
13931
22501
24419
8287
27457
13963
18919
9901
14011
22549
8431
9949
24499
27617
8447
19031
14107
10061
22613
24547
8527
10093
27697
19079
8543
10141
24611
14251
22709
8623
27793
10253
19207
24659
27809
22741
8719
10301
14347
24691
8783
10333
8831
22853
19319
8863
24851
14411
27953
10429
22901
10477
9007
28001
19447
9103
24979
28081
23029
9151
14683
19463
10589
28097
14699
9199
10733
25171
14731
23173
9311
10781
19543
28289
9343
14747
10861
25219
23189
9391
19559
14779
10909
9439
23269
14827
19687
9551
25411
28433
9631
23333
14843
19751
10957
28513
25523
9679
14891
10973
25603
9743
14923
28657
23509
11069
9791
14939
11117
9839
25667
19927
23557
9871
28753
11149
15083
19991
25747
10729
15131
23669
20023
11197
25763
9887
11213
28817
20071
15227
10889
9967
11261
25939
28961
15259
23813
20183
10079
10937
26003
11437
10111
15307
20231
10159
11549
29009
11113
26083
23893
11597
20327
10223
26099
11161
23909
29137
11677
20359
10271
11177
29153
26227
10303
15451
20407
11789
23957
11257
29201
10399
15467
26339
11273
20551
10463
11821
29297
26371
11321
24133
10559
11933
26387
11353
15643
24181
11369
20599
10607
15739
11981
26627
24197
11497
20663
15787
12109
26723
24229
11593
15803
29473
10639
12157
11657
20743
10687
26947
12253
24373
11689
20759
12269
27011
10799
16091
12301
11801
24421
29537
20807
27043
11833
16139
10831
24469
12413
29569
20887
27059
10847
12541
11897
29633
20903
12589
16187
24517
11071
12637
27091
20983
11087
16267
29761
12653
24533
27107
11119
12041
21031
12781
16363
12073
29873
11279
27283
12829
11311
16411
29921
27299
21143
24677
12893
16427
12281
11423
12941
21191
24709
27427
12973
30097
12329
11471
13037
11503
24821
16603
12377
11519
27539
21319
11551
13229
16619
12409
24917
21383
16651
13309
12457
11743
27763
16699
12473
30113
25013
21559
27779
16747
12553
30161
11807
27827
16763
11839
13421
25189
21751
12569
11887
16811
30241
11903
13469
12601
21767
28019
16843
25237
13597
12697
21799
28051
13613
12143
25253
12713
30449
16987
13693
28099
21863
12239
13709
12809
30497
25301
28163
17099
21911
12841
30529
28211
13757
21943
12479
12889
30577
25349
12511
17291
21991
13789
28307
12527
30593
12953
17387
12671
28387
13901
13001
22039
30689
12703
13933
17419
13033
25541
28403
13997
12799
17467
13049
30817
14029
22247
28499
12911
17483
25589
12959
22279
14173
13177
30881
28547
13007
17579
14221
25621
28579
22343
13241
13103
28627
25717
17627
22391
30977
13151
14461
28643
13337
25733
17659
31121
14557
13183
13417
28723
17707
31153
22567
14621
13513
28771
14653
13327
14669
31249
28867
17851
22679
26021
14717
13487
28979
13577
14797
22727
26053
31393
13567
18043
13721
14813
29027
22807
13679
18059
31489
29059
13711
14957
22871
13913
13759
29123
15053
26261
13807
14009
31601
15101
18251
26293
13903
13967
29251
13999
31649
14143
14057
14159
15149
31729
14207
23063
31793
29347
14153
15277
23143
14303
31873
29363
23159
14249
14431
15373
14447
14281
29411
14479
23399
29443
26309
14543
23431
15581
26357
14591
23447
15629
14639
26437
32257
14489
15661
29587
18379
14767
23623
32321
14783
15773
23671
29683
18427
14831
26501
15901
18443
32353
14879
23687
18523
26597
18539
32369
16061
23719
18587
26693
15199
32401
23767
26821
18731
16141
14537
15263
23831
26981
32497
16189
18859
30211
14633
15359
16253
23879
32561
27061
15391
16301
14713
23911
15439
19051
27077
32609
16333
30259
27109
15551
19163
16349
24007
30307
19211
15583
16381
32801
24023
27253
19259
14969
30323
15647
16477
24071
15017
15679
32833
27397
30403
16493
15727
19387
24103
15791
19403
16573
15161
27509
30467
15823
24151
19483
15193
27541
15887
19531
30643
32993
24247
15241
15919
27653
19739
15289
16063
27701
24359
30707
33073
19819
16111
16829
27733
15401
24391
19867
16127
27749
30803
24407
17021
16223
19963
15497
27893
24439
19979
17053
16319
30851
33329
27941
20011
15641
17117
16447
20107
28069
24551
30931
33377
20123
15737
17293
28181
24631
16607
33409
15817
17341
31091
20219
16703
28229
17389
31123
33457
20347
28277
16831
15881
31139
20411
28309
33521
15913
17581
16879
20443
24919
31219
16927
17597
33569
16057
16943
24967
20507
28517
31267
16073
33601
25031
17167
17789
28549
20731
16217
33617
31379
28597
17183
16249
25111
17837
20747
28661
33713
17231
25127
16361
20939
17327
33809
17981
28789
17359
21019
16553
18013
28837
17471
25303
33857
21067
31667
16633
18061
17519
28901
21163
33889
17551
16649
18077
28933
25367
31699
21179
17599
28949
33937
21211
16729
25447
18253
21227
17791
31859
34033
25463
18269
17807
29077
21323
16889
31891
17839
18301
21419
16921
29173
17903
31907
16937
18397
29221
34129
18047
21467
25639
29269
18413
17033
32003
21499
18127
29333
18461
25703
21563
18143
34273
32051
18493
21611
18191
29429
25799
34337
18223
32083
17209
18541
21739
18287
25847
29573
17257
34369
32099
18637
21787
18367
25943
17321
29669
21803
18701
32323
21851
29717
34513
18749
17401
26119
18671
18797
17417
32371
22027
18719
17449
34673
22091
26183
18973
17497
22123
29989
18911
34721
32467
26263
22171
19037
18959
30133
32531
19069
17609
34849
22283
30181
19087
26407
17657
30197
32563
19181
19183
34897
17737
26423
30293
32579
19213
19231
34913
30341
22571
17881
32611
19391
19309
30389
22619
34961
17929
19423
19373
22651
26647
30469
32707
17977
19471
19421
22699
35089
26711
18041
30517
32771
19469
22811
19583
18089
35153
32803
19501
18121
19727
26759
30661
35201
22859
19759
18169
30677
22907
19597
26839
18217
30757
19919
35281
19661
18233
30773
26903
23003
20047
33091
30853
26951
18313
23099
20063
19709
30869
33107
35393
23131
20143
18329
27031
30949
33203
23227
19853
35521
18457
20287
27127
23291
31013
19949
18521
35537
27143
20399
23339
33331
18553
19997
31189
20431
35569
27191
33347
18617
31237
20029
20479
23371
35617
27239
18713
31253
33427
23531
20543
20173
27271
23563
18793
31333
35729
20639
20269
23627
27367
31397
33587
35809
20333
20719
31477
19001
23819
27431
33619
31541
20879
19081
23899
27479
35969
20959
31573
20477
24043
21023
27527
20509
36017
24091
33811
19273
24107
21247
36097
19289
27751
33827
24203
20717
31957
36161
21391
27767
24251
33923
20749
21407
19417
31973
36209
27799
21487
24379
19433
34019
36241
32069
24443
21503
27847
19577
34147
32117
27943
36353
21599
21101
24571
19609
32213
21149
21647
24683
34211
28087
36433
21727
32261
24763
19753
21277
34259
32309
19801
24859
28151
32341
21839
21341
36497
24907
28183
34403
24923
19913
36529
32533
21517
24971
19961
21871
34483
19993
21613
28279
32693
36721
34499
22031
25147
21661
32789
22063
25163
20089
28439
22079
36833
32869
25243
21757
20201
22111
32917
25307
22159
21773
20233
36913
25339
32933
28631
34739
20249
21821
22271
28663
33013
36929
20297
22303
25579
34819
33029
28711
21997
22367
25643
20393
22013
37057
34883
28759
25771
20441
22447
22093
22511
28807
34963
20521
33301
22109
22543
37201
25819
33317
28871
22157
22639
25867
33349
35027
20681
22189
37217
25931
33413
22751
35059
29063
20809
22349
33461
22783
26107
35107
20857
37313
33493
22381
20873
35171
29191
26171
33589
37361
22943
22397
26203
20921
29207
33637
35251
23039
37409
22541
26251
21001
33749
23071
29287
22573
26267
37441
35267
23087
33797
21017
26347
29303
22621
37489
23167
35363
33829
22637
21193
29383
26459
37537
33893
22669
23279
29399
35491
33941
23311
26539
22717
37633
35507
23327
29527
26683
21401
37649
26699
22861
35603
21433
26731
23567
34213
22877
23599
29671
34261
35731
21481
37889
23663
22973
26891
35747
21529
23021
34421
23743
26987
29863
21577
23053
27067
23887
29879
21673
35923
34469
23117
27179
38113
29927
23197
27211
34501
21737
27259
29959
38177
24223
21817
36067
34549
23293
24239
30071
21881
34613
36083
38273
23357
21929
30103
34693
36131
38321
21961
27611
30119
34757
24527
21977
27691
23549
38449
24623
36307
22073
23581
27739
24671
34949
30391
22153
23629
38561
27803
36451
34981
24767
23677
38593
27851
24799
36467
23741
30631
35141
38609
24847
27883
22409
23773
36563
35221
30727
24943
22441
27947
23789
38737
36643
28027
25087
23869
35317
38833
30839
28123
25183
36691
23917
22697
35381
30871
28219
23981
36739
22777
25247
35461
38977
24029
28283
25343
35509
36787
24061
22921
38993
25391
35573
30983
24077
28411
36899
22937
25423
39041
31063
25439
36931
24109
28571
23017
31079
39089
25471
35797
36947
28603
23081
25583
28619
36979
31159
39217
24317
25679
23209
31223
39233
28843
24413
36037
37123
25759
28859
31271
23321
39313
24509
37139
36229
23369
31319
25903
37171
36277
39409
23417
25919
36293
24733
29131
39521
25951
31511
36341
23497
37363
29147
24749
25999
36373
31543
39569
37379
24781
23561
29179
26111
36389
31607
29243
23593
37507
36469
24877
29339
31687
23609
26399
24989
26431
29387
31751
36629
23689
37571
39761
26479
29483
31799
23753
25037
36677
37619
29531
39841
23801
26591
36709
25117
29611
31847
23833
37699
39857
36821
29723
25229
26687
23929
37747
31991
29803
25261
36901
26783
39937
23977
29819
37811
25309
36997
32119
26863
23993
39953
29851
37013
26879
25357
32183
37907
24121
29867
26927
37061
25373
24137
26959
37987
29947
25453
24169
37189
40129
30011
38083
32327
27103
25469
37253
30059
40177
24281
32359
30091
37397
40193
24329
25693
30139
32423
37493
40241
27407
30187
25741
24473
37573
32503
27487
38371
40289
30203
37589
27551
32647
30347
27583
25933
40433
27631
30427
25981
37717
24697
27647
40529
38611
30491
25997
37781
24793
32839
27743
26029
40577
37813
30539
24809
38707
32887
27791
37861
40609
24841
27823
38723
26141
32983
30763
24889
37957
27919
26189
32999
30859
24953
38803
27967
26237
30971
25033
40801
27983
38053
38851
31019
28031
26317
38069
25097
40849
38867
33191
31051
28111
38149
40897
33223
38197
26557
39043
28319
25321
31147
33287
26573
28351
38261
40961
28447
39107
26669
31259
25561
40993
28463
26701
31307
39139
38453
25577
33479
28559
31387
41057
26717
25609
28591
38501
31531
33623
28607
25657
41201
31547
28687
26813
25673
33703
39251
28703
38629
41233
26861
31627
33751
28751
25801
38677
26893
31643
41281
33767
38693
25849
31723
28879
39443
28927
31771
25913
38821
33863
41521
31883
26041
27197
39619
29023
33911
38917
31963
41617
32027
39667
41681
32059
41729
29167
32203
39779
32251
29231
39827
41761
32299
29311
39971
41777
32363
41809
32411
29327
40099
32443
41953
40163
32491
41969
32507
29423
32587
42017
40387
32603
42193
40483
27277
40499
32779
29567
38933
32843
40531
29599
27437
42209
32939
40627
29663
39157
32971
27581
42257
29759
32987
42337
40739
33083
39301
27773
40771
33179
42433
29983
39317
40787
33211
27901
39397
40819
42577
27917
30047
40867
39461
33403
27997
40883
42641
30223
39509
33547
41011
28109
30271
42689
33563
39541
41203
30319
42737
28349
30367
39733
41299
42929
30431
39749
28429
42961
41411
39829
30559
28477
41443
43201
39877
28493
41491
43313
41507
28541
30671
39989
41539
28573
30703
43441
40037
41603
28621
43457
41651
28669
30911
33739
40213
33851
28813
43633
40277
31039
41843
43649
31151
33931
28909
43777
40357
42019
31183
29021
43793
42083
31231
29101
34123
42131
43889
31247
40597
34171
42179
31327
34267
42227
43969
40693
34283
29389
31391
42307
44017
40709
29437
42323
44129
29453
42403
31567
44257
34603
29501
42451
31583
44273
40853
42467
29581
31663
44417
40933
42499
29629
44449
40949
31727
29741
44497
42611
34651
42643
29789
44641
34667
41077
44657
34747
29837
32063
42787
41141
34763
44753
29917
34843
41189
32143
30013
42899
26153
34939
32159
41221
30029
42979
26249
32191
35051
41269
45121
30109
26297
35083
45137
41333
43283
35099
32303
30253
26393
45233
43331
41381
30269
35227
45281
26489
41413
43411
35291
32479
43427
45329
35323
26633
41621
45361
35339
30493
26681
32687
35419
45377
43651
26713
30509
41669
32719
35531
26729
30557
45553
26777
32783
41813
30637
45569
32831
43891
26921
35771
41893
26953
43987
35803
32911
30781
45697
41941
35851
27017
30829
44131
33023
35899
45841
41957
30893
33071
44179
27241
35963
30941
45953
33119
36011
27337
33151
42101
27449
31069
46049
44371
36107
33199
27481
42181
33247
36187
44483
27529
31181
46273
42197
36251
44531
33311
27673
31277
36299
44563
46337
33343
27689
42293
44579
27737
33359
36523
31357
42373
27817
44771
33391
36571
44819
27961
36587
42437
33487
31469
44851
46769
36683
33503
42533
31517
44867
28057
46817
33599
36779
44963
28201
42677
33647
31741
46993
28297
36923
45139
42709
47041
33679
28393
37003
42773
31981
47057
28409
37019
33791
47137
42821
28537
45427
32029
28649
42853
32077
45491
37243
33871
28697
47297
45523
28729
37307
32141
33967
42901
47441
37339
28793
32173
45587
34031
47521
32189
43013
37483
28921
45667
47569
34127
29017
43093
32237
37547
47681
45763
29033
34159
37579
47713
29129
32381
45779
43189
47777
32413
34303
37643
45827
29209
43237
47809
32429
37691
34319
45971
47857
34351
32573
43397
29401
34367
37963
46051
32621
47969
29641
46099
32653
48017
43541
34511
38011
46147
48049
29753
43573
34543
32717
38219
29833
48193
34591
32749
38299
46307
29881
48337
34607
32797
43669
48353
38459
46451
34687
32909
30089
48449
43717
46499
38603
34703
30137
32941
48481
38651
30169
46643
43781
32957
48497
34847
46691
30313
38699
33037
48593
46723
38747
35023
43973
33053
46771
30553
38891
48673
46819
44021
38923
30649
33149
46867
30697
38971
44053
33181
48817
30713
39019
35279
30809
44101
35311
30841
39163
49009
47059
35327
49057
30937
47123
39227
33469
31033
35407
49121
39323
47251
33533
44293
31081
35423
49169
39371
31177
33581
47363
49201
39419
44357
31193
33613
47459
39451
49297
31321
33629
44389
47491
39499
35759
31337
49393
47507
33757
39563
49409
44453
31481
35839
33773
39659
31513
49537
44501
35951
47699
31657
39883
44533
35983
33997
49633
31721
47779
44549
35999
39979
34061
47843
49681
31769
40123
31817
49697
47939
34141
44741
31849
40283
36191
34157
44773
48131
49921
32009
48163
44789
36319
49937
40427
34253
48179
32057
40459
44917
34301
32089
50033
48259
36383
40507
32233
34381
45013
50129
48371
36479
32297
34429
40699
45061
50177
32377
36527
48563
40763
32441
45077
34589
50273
36559
48611
32537
50321
40939
36607
32569
48787
50417
32633
36671
34781
50497
32713
45317
48883
41051
50513
36767
34877
41131
45413
36847
48947
32969
50593
35053
41179
45541
49043
41227
35069
33049
49123
45557
41243
36943
35117
33113
49139
45589
35149
33161
50753
37039
41387
49171
33289
50833
41467
37087
33353
50849
45893
49331
35437
41579
50929
49363
37199
33529
41611
45989
49411
50993
35533
41627
33577
46021
49459
41659
33641
35597
51137
49523
51169
37423
41771
35677
46133
33721
49603
51217
33769
41851
46181
37567
49667
51329
33961
41947
49747
37663
35837
51361
46229
42043
34057
49811
35869
46261
49843
51473
42139
35933
34217
46309
37871
49891
42187
51521
34297
36013
49939
37951
34313
42283
51713
36061
34361
50051
42299
37967
36109
42331
50131
38047
34457
46549
42379
50147
34537
36269
42443
50227
46757
42491
38239
52081
34649
50291
42571
38287
34729
52177
36493
46853
50387
42667
38303
52289
36541
34841
46901
42683
38351
52321
46933
50627
36637
42859
35081
50707
36653
46997
52369
38431
35129
42923
50723
52433
38447
43003
36749
35257
52529
43019
38543
35353
36781
47093
52561
50867
43051
35401
38639
36877
43067
52609
51043
47189
35449
38671
51059
52673
36973
47221
35593
43291
38767
52721
51203
47237
37021
43403
38783
52769
51283
47269
37117
35753
43451
52817
35801
51347
47317
43499
37181
38959
35897
47381
43579
51427
35977
39023
37277
43627
35993
53089
51539
37309
43691
36073
39103
53201
37357
51683
39119
53233
47653
43787
36137
53281
36217
37501
43867
39199
51827
47701
36313
37517
51859
39343
47717
53377
36457
43963
37549
51907
39359
36473
44027
47797
53441
37693
44059
51971
36697
39439
53569
44123
36713
52051
44171
37853
36761
53617
52067
39503
36793
44203
53633
52147
36809
44267
39551
53681
36857
52163
37997
48197
39631
53777
44491
52259
53857
48341
39679
38189
37049
52291
44507
39727
48437
54001
44587
37097
52387
38237
39791
44651
54049
48533
38317
39839
44683
52579
37273
38333
54193
44699
37321
39887
52627
48661
37337
44843
39983
52691
37369
38461
48677
40031
54401
37529
44939
52883
48757
40063
54449
44971
38557
37561
52963
44987
54497
40111
48821
37657
38653
45083
54577
40127
48869
53171
38669
45131
54673
45179
53267
40351
38749
37897
54721
49109
53299
45259
37993
38861
45307
54833
53411
40543
49157
54881
45403
40559
38153
53507
38201
40591
49253
55009
53699
45659
39133
40639
55057
49333
38281
53731
45691
39181
55073
38329
40751
45707
49429
39229
53891
55201
38377
40847
53923
49477
55217
39293
45979
40879
53939
55249
38393
39341
46027
40927
53987
55313
39373
46091
49669
38569
54083
55441
46171
41023
38713
54163
55457
46187
38729
41039
39581
46219
49877
55633
54323
39709
55681
38873
49957
46411
54371
41183
38921
55697
39821
50021
38953
41231
46507
54403
55793
39869
46523
39097
41263
54419
50053
55889
39113
39901
46619
54499
50069
55921
39161
46747
54547
39209
50101
40013
41519
39241
54563
46811
56081
40093
56113
50261
47051
41647
56209
54787
40189
50341
54851
47147
56369
41759
40237
39769
50549
56401
40253
47339
54979
41887
56417
39929
50581
47387
41903
40009
47419
55171
41983
40429
56737
55219
47563
40153
50741
41999
40493
40169
55331
56897
50773
47659
56929
55411
40637
42223
47819
50789
40361
42239
50821
56993
55603
40813
47947
57041
55619
40829
47963
40697
57073
55667
42463
40973
40841
51061
57089
48091
55763
51109
48187
55843
41117
41017
57329
51157
42703
48299
41149
55987
41081
42719
56003
41213
41113
57457
41161
42751
56099
48491
51349
41341
41177
57601
56131
48523
42767
41257
41357
57649
48539
56179
51413
41389
48571
42863
57697
51461
48619
57713
42943
41453
41513
57793
51637
41593
48731
56467
41549
57809
41609
48779
43103
56531
51749
41641
41597
43151
56611
58049
48859
41737
51797
56659
48907
41801
51829
49003
41849
58129
43391
49019
41897
51893
58193
56963
41981
42073
51941
57059
42089
43487
42013
58321
51973
57107
42169
49211
42061
58337
57139
52021
43711
49307
58369
42281
42157
57203
49339
52069
43759
58417
57251
42409
49451
42457
52181
57283
42221
58481
42473
49499
43951
57331
49531
42349
57347
42569
58657
52453
49547
42397
44111
42649
57427
49627
42461
44159
42697
58897
52501
57571
49739
42509
44207
58913
42793
52517
57587
49787
42557
42841
59009
44351
42937
42589
57667
52709
42953
44383
57731
42701
50123
59233
43049
52757
57859
44543
52837
43177
50363
59281
57923
42797
44623
50411
52901
43321
59377
58067
42829
44687
50459
52981
59393
58099
43481
50539
42989
53077
43577
59441
50587
58147
43609
43037
53093
59473
58211
50651
44879
43117
50683
43721
58243
59617
53173
43753
44927
43133
50891
53189
43801
44959
59729
50923
43913
45007
58403
59809
50971
43261
53269
43961
58451
59921
45119
44041
53381
44089
51131
60017
43517
58579
45247
44201
60161
43597
44249
45263
51307
53653
60209
44281
58771
43613
45343
51419
58787
60257
43661
53717
51563
45439
60289
58963
51659
43789
60337
53813
45503
44537
58979
51691
60353
53861
43853
59011
45599
51787
43933
51803
59107
60449
45631
54037
59123
51899
60497
43997
59219
52027
60689
44029
54101
45823
60737
54133
45887
52267
59443
44189
52363
59539
60913
44221
54181
52379
59651
60961
44269
54277
59699
61057
52571
44381
46271
59747
54293
44617
52667
61121
59779
46351
44633
61153
54421
52747
59971
44729
61169
44621
52859
54437
46399
44777
61297
44701
44809
60083
54469
46447
61409
44953
54517
61441
44797
53003
46511
60259
54581
61553
53051
46559
45161
44893
54629
46591
53147
61681
44909
54709
46639
45289
53323
61729
60611
45053
45337
46687
54773
60659
53419
45181
45433
46703
54869
45481
45197
46751
54917
45497
60899
45293
46831
62017
54949
53611
45641
45341
61027
62081
45673
55061
61043
45389
53819
45737
62129
61091
55109
47087
53899
45817
45533
62273
47119
45833
54011
61283
45613
54059
62401
61331
55333
46073
54091
62417
45677
61363
46153
47279
55381
54139
61379
45757
62497
47407
54251
61507
45821
46441
54331
55541
61603
45853
46457
47599
62753
54347
45869
46489
55589
61651
62801
47711
54443
61667
55621
62897
47743
54539
46601
45949
62929
46633
61843
46061
46649
55717
47791
54667
63073
61987
46681
46093
55733
47807
62003
46141
55813
47903
63281
46889
62099
54779
55829
63313
47017
47951
46237
62131
54907
63361
47129
46301
48079
55051
63377
47161
62323
46349
56053
63409
48239
55147
46381
47353
62467
56101
63473
55163
48271
62483
46477
47417
63521
55243
56149
62563
47497
46573
63601
55259
56197
47513
62627
63617
55291
46589
48383
62659
63649
55339
47609
48463
62723
63697
47657
46829
56437
48479
55547
63761
62819
47737
46861
56453
55579
63793
62851
48527
46877
47881
56501
63809
55691
48623
63059
46957
63841
56533
47977
55787
63857
48073
48751
63299
55819
48121
64033
56597
48767
47149
55931
63331
64081
48799
48281
56629
63347
48313
48847
56773
63443
47293
56123
48409
47309
64433
56821
48473
56171
48991
64513
47389
63587
56267
48649
57077
56299
47501
64577
48761
63667
49103
47533
64609
57173
48809
56443
47581
63907
48857
57221
49199
48889
47629
56731
64817
57269
64019
49279
48953
56747
64849
47741
64067
57301
49033
56779
49391
49081
56827
57349
47837
56843
49177
65089
57397
47869
64403
56891
49193
49663
64451
49711
57413
47917
49727
56923
47933
64483
49807
47981
64499
49823
48029
57131
49871
64579
57163
49919
48109
64627
57179
48157
49999
57259
50047
48221
50111
48397
50159
65011
48413
57467
50207
65027
50287
48541
57787
65123
50383
57803
48589
65171
57899
48733
65203
50527
57947
48781
50543
65267
58027
50591
48973
49369
65393
58043
50671
49417
65539
48989
57493
58171
50767
49037
65587
49433
49069
65651
65521
49481
57557
58363
49117
65699
65537
58379
51071
57637
49529
65731
58411
49261
51151
65617
57653
65827
58427
49277
51199
65633
65843
57781
49801
51263
58603
65713
51343
57829
49549
58699
51407
49993
49597
65729
66067
57973
58763
51439
49613
66083
65761
51487
49741
58907
51503
65777
66179
49757
50153
59051
51551
58229
49789
65809
59083
51599
49853
66403
58309
51631
65921
59243
50329
51647
66467
58453
50377
51679
66499
50077
59387
50441
50093
66643
51839
59419
58549
51871
66161
50221
59467
58613
66739
50333
50777
59611
58661
66851
59627
52127
66337
50857
66883
58693
59659
50461
52223
50873
66931
59707
66449
58741
59723
50969
66947
58757
66529
59771
51001
58789
67043
66593
50893
52511
67139
50909
52543
51193
67187
50957
66721
58901
52639
60091
51241
67219
50989
60107
52783
58997
51257
60139
51133
52879
66977
67411
59029
51197
60251
67427
51449
53087
59077
51229
67057
60331
67523
51481
59093
53231
51341
60427
67073
67619
53279
51421
59141
60443
67651
51437
51577
67121
53327
59221
51517
53359
51593
67153
67699
60539
51581
53407
59333
67763
67169
51613
60763
51673
53503
67843
60779
67217
51721
51853
53551
59509
67891
60811
51869
51769
59557
67939
60859
51817
67409
67987
51949
53759
59621
60923
53791
51913
67489
59669
68099
61051
53887
52189
51929
68147
67537
61099
53951
52237
51977
68227
52253
61211
67601
52009
59797
52301
61291
68371
54287
52057
54319
68483
61339
67777
52121
52541
54367
59957
68531
61403
52153
61483
52733
68611
52201
54559
68113
52813
60037
61547
68659
52249
54623
52861
61627
60101
68771
52313
68161
52957
54751
61643
60133
68819
52361
52973
54767
61723
68209
60149
68899
54799
53069
53101
68947
52457
60293
54959
61819
53117
68963
68449
52489
53149
61979
60373
69011
55103
53197
62011
52553
69203
60661
53309
68737
55343
52697
62171
69379
60757
55439
62219
69427
53437
55487
60773
53453
62299
69491
52889
68881
53549
60821
62347
69539
52937
55631
68897
53597
55663
53017
60869
53629
69763
68993
55711
53693
60901
62459
69779
55807
53113
69073
62507
53773
69827
60917
55823
53129
62539
69859
55871
53917
62603
53161
55903
70003
54013
69233
62683
70019
61141
55967
62731
53353
69313
70051
61253
54269
70067
53401
62827
56207
70099
54413
56239
69457
61333
62939
53593
54493
70163
56383
62971
69473
61381
54541
53609
56431
62987
56479
53657
70451
61493
63067
69697
54829
56527
69761
53849
56543
61637
63131
54877
56591
70627
53881
54941
63179
69809
61717
56671
54973
53897
63211
56687
55021
61781
69857
56767
63419
55117
53993
61813
70867
56783
55213
63467
70001
61861
54121
55229
56911
70979
63499
71011
61909
63611
54217
57119
71059
70177
63659
55373
62053
63691
70241
54361
55469
71171
62213
54377
55501
70289
63803
57487
54409
55661
70321
71347
57503
54521
71363
62501
55837
64091
70481
71411
55901
62533
64123
57679
55933
71443
54601
57727
62549
70529
64171
55949
54617
57791
64187
62581
55997
71699
70657
57839
62597
56093
54713
64283
70753
58031
71843
56237
56269
58111
70769
71971
62773
58207
64667
71987
56333
70849
58271
62869
72019
64747
55001
58367
56477
70913
64763
62981
56509
55049
72211
64811
71089
58511
63029
72227
58543
64891
56701
71153
72307
55337
56813
65003
58687
71233
56893
65099
72467
58831
56909
71249
65147
55529
72547
56941
63317
65179
58943
71329
56957
72643
55609
58991
63397
56989
65323
59023
55673
57037
63493
72707
59119
71473
55721
57149
65371
72739
63541
59167
65419
71537
59183
63589
55817
65563
72883
57373
59263
71569
55849
65579
57389
63781
59359
71633
55897
65707
72931
59407
71713
65851
59471
73043
56009
57709
65867
73091
71761
56041
64037
59567
57773
65899
71777
65963
59663
57853
73331
71809
59743
57901
73363
56249
66107
59791
57917
73379
56377
59887
64373
73459
58013
56393
59951
64453
58061
73523
72161
59999
66347
56473
58109
73571
56489
58189
60127
64613
73651
66491
72337
58237
56569
73699
66523
64661
60223
72353
66571
56633
64693
73859
60271
58477
66587
56681
64709
60383
72481
73907
58573
56713
66683
73939
72497
60527
66763
64853
56809
58733
72577
60607
74051
56857
64901
60623
66923
74099
58909
56873
60703
72673
74131
67003
64997
60719
59021
56921
72689
65029
59053
67211
74323
57097
60943
59069
65141
72817
67307
59149
74419
57193
61007
65173
67339
59197
61151
57241
67499
65269
61231
59341
74531
72977
67531
59357
65381
67547
59453
57529
73009
61343
74611
67579
65413
59581
57593
74707
73121
67723
61471
59629
74771
57641
61487
67819
65557
59693
57689
61519
67867
75011
61583
67883
57737
61631
59981
65701
67931
73361
60013
67979
65717
75347
60029
57881
68059
61871
60077
75539
68171
73553
75571
65957
61967
57977
60317
62047
68219
73681
66037
58057
60397
75619
62143
60413
58073
75683
62191
68443
58153
60493
75731
62207
68491
74017
66293
60509
58169
68507
60589
66373
58217
62303
74161
68539
60637
76003
62351
74177
58313
68683
62383
60733
76099
74209
66533
68699
58393
76147
62591
74257
76163
58441
68891
62639
66629
76243
74353
62687
58537
76259
69019
61261
58601
74449
66821
76387
69067
61357
62927
66853
76403
69163
61469
63103
74561
69259
63199
58889
66949
76579
61613
63247
74609
58921
69371
67061
63311
76771
69403
61757
58937
63391
67141
76819
61837
74897
69467
76883
67157
59113
61933
63439
69499
74929
61949
63487
67189
76963
59209
61981
75041
63599
59273
69691
62141
67349
63647
69739
62189
77171
63727
59369
67429
69899
75169
63743
77267
69931
67477
75217
63823
59417
77347
62477
63839
67493
59497
62653
75329
70123
77491
67589
62701
59513
64063
75377
70139
59561
77587
62861
64223
67733
70379
75521
59753
64271
77699
70459
67829
62989
64303
75553
59833
77731
70507
64319
63149
77747
75617
70571
67957
63197
64399
70619
75793
59929
63277
64591
70667
60041
68053
78163
64783
75937
63389
78179
70843
60089
64879
63421
68213
70891
64927
78259
63533
60169
76001
68261
78307
63629
60217
65071
68389
63709
71147
65119
78467
76081
65167
68437
63773
76129
71339
65183
60457
78643
68501
63853
71387
78691
60521
63901
76289
68581
65327
71419
78707
63949
60601
65407
76369
68597
71483
63997
78787
60617
65423
64013
76481
78803
71563
60649
65519
68821
64109
65551
71707
76561
64157
60761
78979
68917
64189
65599
71867
60793
79043
76673
64237
65647
69029
71899
60889
64301
79139
76753
71947
65839
69061
64333
60937
79187
71963
76801
65951
69109
60953
79283
72043
64381
65983
69221
76913
61001
72091
79379
66047
72139
76961
79411
64621
66191
69317
61129
79427
72251
66239
64717
77041
69493
66271
64781
72379
66383
61417
66431
69557
79699
77137
64877
66463
79811
77153
65053
61561
72763
69653
79843
65101
77201
72859
61609
79907
65213
72907
66751
69829
77249
61657
65293
79939
72923
69877
65309
61673
79987
66863
73019
77377
65357
69941
80051
66943
65437
66959
77489
61961
73243
65581
70117
67103
80147
77521
73259
65629
62057
67231
70181
65677
77569
73291
67247
80387
62137
70229
73387
77617
65789
67343
62201
70309
73483
80611
65837
67391
62233
77681
70373
80627
73547
77713
65981
62297
73643
70501
80803
67567
77761
66029
73771
80819
67631
62473
70549
66109
73819
67679
66173
77969
73867
62617
67759
66221
80963
73883
78017
62633
67807
66301
81043
74027
70709
78049
67967
66413
62761
74203
81203
68111
66509
78193
74219
70853
81283
66541
68207
81299
70901
62873
68239
74363
66653
78241
81331
70949
66701
62921
74411
68351
66733
70981
62969
68399
78401
81619
74507
66749
70997
68447
81667
66797
78497
74587
68543
63097
66877
78577
74699
81971
63113
66973
74731
68639
78593
82003
71237
63241
67021
68687
74747
82051
71317
78721
68767
74779
82067
63337
67181
71333
68863
78737
74827
63353
67213
82163
68879
71413
74843
67261
74891
71429
68927
82307
63577
74923
67421
82339
78929
69119
67453
63689
82387
69151
63737
75083
82483
69247
71861
67709
78977
82499
75211
69263
67741
71909
75227
63913
82531
67757
69439
79153
71941
75307
63929
67789
82723
79201
75323
67853
82787
72053
75403
67901
63977
67933
72101
82883
79393
64153
75611
82963
64217
79537
72229
70079
68141
75659
83059
70111
79601
72277
75707
70207
83203
75787
64489
72341
79633
70223
83219
68477
64553
75883
70271
83267
79697
72421
64601
75931
83299
68669
79777
70351
72469
64633
68749
75979
79841
83443
70607
72533
76091
68813
70639
83459
79873
64793
76123
68909
70687
72613
79889
64921
76283
70783
72661
64937
76379
83843
69149
70879
64969
83891
72869
69197
76507
70991
83939
65033
72901
80177
76603
69341
71023
72949
76651
80209
83987
71039
65129
69389
76667
72997
84067
80273
71119
65257
73013
84131
69661
71167
76907
80369
69677
84163
73061
65353
71263
69709
84179
80449
77003
71327
73141
84211
65449
69821
71359
73189
80513
84307
65497
71471
77243
73237
69997
71503
77291
84467
65609
80657
70061
77323
71551
84499
65657
73477
77339
70141
80737
71647
70157
77419
73589
71663
80833
84659
65881
70237
77563
71711
84691
73637
80849
65929
77611
71807
70381
84787
77659
80897
65993
71887
70429
77723
80929
71983
66041
84947
71999
70573
66089
84979
81041
77867
73877
72031
70589
66137
85027
77899
72047
70621
73973
66169
85091
72223
70717
74021
78059
81233
72271
70877
85331
78139
74101
66361
81281
72287
70957
85363
78203
66377
72367
74149
71069
85411
78283
72383
81409
66457
85427
74197
78347
71261
72431
81457
66553
85523
71293
74293
66569
71341
81553
72559
85571
74357
71389
66601
72623
85619
81569
71437
78427
72671
66617
74453
85667
71453
81649
72719
78539
66697
72767
78571
71549
74597
81761
66713
85843
71597
72911
66809
72959
78779
74821
86083
71693
66841
73039
81937
74869
86131
71741
66889
81953
71789
74933
79147
73327
67033
86179
71821
79259
71837
75013
67049
73471
82129
86243
71917
75029
73583
86291
82193
71933
79451
67129
73679
86323
72077
82241
75109
79531
73727
67273
86371
72109
79579
73823
67289
75253
86467
72173
79627
72221
75269
67369
79691
86531
82529
72253
73951
67433
72269
86579
82561
73999
79867
67481
86627
74047
72461
82609
75541
79979
72493
74143
86771
82657
67577
75557
74159
80107
72701
86851
74287
82721
72733
80251
87011
67801
75653
72797
74383
87107
80347
82913
72893
80363
87187
74527
75781
67961
72973
83009
87251
74623
75797
73037
67993
80491
87299
83089
73133
80603
74687
68041
75941
87427
83137
73181
74719
80651
87443
75989
83233
74831
73277
68281
87491
80683
73309
74959
76213
87523
80747
68329
80779
87539
76261
83537
73421
75167
87587
80923
73453
68473
87683
76421
83617
73517
68489
81019
73597
87811
68521
75391
83761
81083
76597
73613
75407
81131
83777
88003
73693
75503
68633
81163
73709
88019
83857
75583
76757
81307
73757
68713
83873
75679
81371
76837
68729
88211
83921
75743
81547
68777
76949
88259
81563
83969
74077
75967
77029
74093
81611
69001
88339
75983
84017
77093
74189
88499
76031
69193
81707
77141
76079
74317
69257
88547
81883
74381
69337
84401
76159
81899
74413
77237
88643
76207
81931
84449
69401
77269
88771
76303
74509
84481
77317
69481
82139
88819
74573
76367
82171
69497
88867
74653
76463
82219
84673
77477
88883
74717
69593
76511
82267
77509
74797
84737
76543
89107
77557
74861
82507
69737
89123
84913
76607
77573
82571
74941
69833
89203
84961
82619
77621
75037
76831
82651
84977
75133
69929
89363
76847
82699
77797
75149
85009
89443
76943
70009
82763
75181
77813
89459
76991
82811
75277
70121
89491
77893
77023
85121
82891
75389
70201
89603
82939
85201
77167
75437
70249
83003
78101
89779
77263
70297
85297
75533
89891
77279
78229
70313
83227
85313
75629
89923
77359
78277
83243
70393
75709
85361
89939
77471
75773
78341
83339
90019
70457
77551
75821
90067
70489
75853
78437
85601
83563
77647
75869
90163
70537
83579
77711
78517
90227
85793
75997
77743
70729
90371
76157
77839
70793
85889
90403
76253
77951
70841
78853
86017
90499
76333
77983
84011
70921
78901
90547
77999
70937
84059
76493
78031
90659
86113
70969
76541
78079
90787
86161
78191
84299
90803
76717
86209
71081
84347
78367
79301
76733
90931
86257
71129
76781
79333
84443
90947
78479
76829
71161
86353
84523
78511
79349
86369
78607
77069
71209
79397
84731
78623
77101
91139
71257
84811
86561
79493
91283
84827
77213
79589
91331
84859
71353
77261
79621
79039
86689
91411
71593
79087
79669
91459
86753
77549
79103
91571
85147
79813
79151
71849
85243
77773
79231
79829
91811
71881
85259
86929
79279
79861
91939
71993
86993
77933
79423
85451
79973
92003
87041
72073
92051
80021
85531
72089
79631
78157
87121
92083
85627
78173
80149
72169
92179
85643
79823
78301
87281
92227
85691
80309
79903
78317
92243
87313
72313
79967
80341
85819
78509
92387
79999
85931
78541
92419
87473
80111
86011
80629
92467
80191
87553
86027
72617
80677
80207
92627
72649
87649
80239
92707
80789
86171
87697
92723
80287
92867
80917
87793
72889
92899
80933
72937
81013
72953
81077
88001
93059
78653
81157
86491
88129
78781
93139
80447
73369
86539
81173
78797
93187
88177
80527
86587
73417
34039
78877
93251
88241
73433
78893
34183
93283
80671
34231
88289
78941
81349
34327
80687
93427
73529
88321
34439
78989
80783
93491
73561
34471
88337
81509
34487
80831
93523
79133
73609
34519
80863
86843
79181
34583
73673
81637
34631
93683
88513
86923
34679
79229
73721
93763
81701
80911
34759
86939
79309
88609
93811
34807
81749
79357
81023
93827
34871
73849
88657
87083
34919
81071
93923
73897
88721
81973
79549
81119
87179
35111
93971
73961
79613
88801
81199
87211
35159
82021
79693
88817
82037
81343
87323
74201
79757
35447
94099
88897
81359
35527
87403
82261
74297
35543
79901
88993
94291
35591
87547
81439
82373
79997
94307
89009
74377
35671
87643
82421
89041
81551
94483
80077
74441
87691
35831
82469
89057
81647
35863
80141
94531
74489
82549
81727
87739
80173
89137
35879
94547
74521
35911
87803
80221
89153
81839
82613
36007
74713
80317
81919
87931
94723
74729
89329
81967
82757
80429
74761
94771
82031
82837
89393
80557
74857
88379
94819
74873
88411
80621
89521
82207
88427
82981
95027
80669
82223
89633
82997
75017
88523
95107
80701
89681
83077
95203
75161
82351
80749
88651
83093
75193
89809
82463
95219
88667
75209
80909
95267
83221
88747
82559
90001
80989
75289
82591
83269
88811
90017
95443
81101
75337
88843
95507
81181
75353
82799
90289
89003
83477
81197
75401
95539
82847
89051
90353
81293
83557
89083
95603
83023
90401
81373
83621
75577
83071
95651
81421
83653
75641
90481
95731
83231
89227
83701
75689
90529
95747
81517
83311
83717
75721
89371
81533
90641
95891
89387
83407
75833
83813
81629
95923
83423
89563
75913
81677
83471
89611
84053
95971
90833
81773
89627
95987
84181
83663
89659
81853
96179
90977
81869
83791
76249
84229
89819
96211
81901
91009
89867
96259
83903
76441
84389
82013
91121
89899
83983
96323
84421
82141
89963
91153
76537
84047
84437
82189
90011
36151
96419
91249
84127
82237
76649
36263
90059
84143
96451
91297
84533
36343
82301
84191
90107
76697
96643
84223
90187
91393
84629
82349
84239
36551
90203
76777
96739
91457
36583
84319
82493
36599
96787
76873
84869
36791
96851
90379
84431
36871
77017
82781
36887
96931
84463
85061
36919
77081
90523
82813
91841
96979
85093
84559
90619
37159
91873
85109
37223
97171
91921
90731
83101
77369
84719
97187
85237
83117
37447
77417
90907
91969
84751
37463
90971
77513
97283
92033
85333
37511
91019
37591
84991
97379
85381
77641
37607
83341
92177
91099
85429
37783
97459
83357
77689
85087
37799
91163
83389
92353
37831
77801
85103
85621
97523
37847
83437
92369
77849
85199
37879
91243
97571
85669
37991
85247
92401
83597
77929
91291
97651
38039
85717
77977
85439
38119
92593
83773
85733
91387
38167
97843
78041
85487
92641
38183
85781
83869
97859
38231
91499
85711
78121
92657
85829
83933
38327
97987
78137
92737
85909
91691
85903
84061
78233
92753
38567
98179
85999
86069
91771
38711
84221
92801
98227
86111
38791
86117
84317
92849
86143
91867
78553
38839
86197
84349
98323
86239
38903
78569
92107
84509
98387
86293
86287
39047
78649
92993
84589
98419
39079
92203
86351
86341
78697
39191
84653
98467
92219
86399
86357
93089
39239
78713
84701
92251
98563
86389
93169
39367
78809
92347
98627
86719
39383
86453
85021
93281
78857
92363
39511
86767
86501
85037
93329
39607
78889
92459
86783
98867
39623
86533
85133
39671
92507
93377
98899
86927
86629
39703
92683
39719
85213
98947
86959
79193
86677
92699
39799
85229
98963
79241
93553
86693
39847
87071
79273
87103
79337
87119
87151
99139
79433
79481
86837
87359
99251
79561
86869
79609
87407
99347
86981
79657
87013
87583
79769
99523
85453
79801
87221
87631
93601
99571
79817
85469
87253
87679
92779
99667
85517
87317
93761
85549
87509
93809
85597
99859
92987
87541
39863
87743
93889
99907
85661
87557
87887
40039
93937
93083
99923
80153
87589
40087
99971
93131
40151
87701
80233
88079
94033
85837
40231
93179
80329
88223
94049
85853
87797
40343
87877
85933
93307
80473
94273
40423
87973
40471
80489
93323
86029
94321
40487
88463
88037
80537
40519
86077
93371
88069
88591
80681
40583
94433
93419
88117
88607
80713
40759
86269
94513
80761
40823
88261
93563
86381
94529
40903
88799
80777
86413
41047
94561
80809
93739
88469
41143
86461
80953
89071
93787
88661
86477
81001
89087
41351
94849
93851
88741
86509
81017
41399
89119
94961
41479
88789
81049
86573
89231
94993
93979
41543
81097
88853
95009
41687
88997
41719
86813
89519
95089
94219
41863
86861
81353
89567
89189
95153
41879
81401
89599
94331
41911
89237
95233
41927
89269
41959
94379
87037
89317
81689
42023
89759
42071
94427
81737
89381
89839
95393
87133
89413
81769
94603
42359
95441
81817
87149
89983
89477
42391
94651
87181
90031
89653
81929
42407
95569
89669
90127
94747
82009
87277
42487
95617
82073
90191
87293
95633
89797
42727
94811
82153
90239
42743
90271
87421
95713
94907
42839
89909
82217
87517
89989
95003
42967
95857
82361
90511
87613
43063
95083
90053
95873
82393
90527
43159
87629
95131
90149
43207
96001
90703
82457
43223
90197
95339
96017
43271
87853
90373
43319
90847
82601
87869
43399
96097
90437
90863
82633
95419
43543
87917
90469
90911
43591
95467
82729
90533
43607
96289
95483
82793
91151
43783
90677
88093
96337
82889
95531
91183
90709
43943
96353
91199
95707
43991
90821
88237
96401
44071
95723
90901
88301
44087
83177
90917
96497
95803
44119
88397
83257
44263
90997
95819
83273
44279
88493
91423
91141
83401
95947
88589
91237
44519
83417
91583
96043
91253
83449
91631
44647
96737
96059
44711
88813
91711
83497
91381
96769
88861
91397
44839
83561
91807
44887
91493
91823
83609
96331
91541
97073
44983
89021
91951
83641
91573
91967
89069
97169
45127
83689
96443
91621
45191
89101
83737
92111
91733
45319
83833
97441
92143
91781
96587
89213
91813
97553
89261
96667
84089
45751
92383
97649
89293
84121
91909
45767
92399
96731
84137
45863
91957
92431
89501
96763
97729
45943
45959
89533
96779
92479
97777
46103
84313
92357
96827
92623
46183
97841
89597
84377
46199
92639
96907
92581
84457
92671
46279
97003
84521
46327
92767
92693
89821
98017
46439
84649
92831
92789
46471
89917
84697
98081
92863
97259
92821
46567
84713
98129
46663
92927
97387
84761
46679
93077
92959
98257
84793
46727
93103
46807
84809
93253
90173
98321
97499
46919
93151
84857
97547
98369
47111
93199
93493
97579
85049
47143
93263
98561
93557
47207
85081
90397
93637
98641
47287
85193
93407
97771
93701
47303
98689
93487
47351
97787
98737
85369
93503
47431
90749
97883
93893
98801
47527
85513
93941
47543
97931
98849
93871
90989
47591
85577
93887
47623
98897
98011
91229
47639
94117
93967
98929
98123
93983
47911
94229
85817
91309
98993
94063
94261
91373
98251
48023
99041
94079
94309
91453
48119
98299
94111
99089
86137
94421
94207
98347
99137
48247
94597
91757
86201
48311
98411
99233
94613
91837
94351
86249
48407
98443
94693
94399
86297
48487
99377
91997
94709
98459
94447
48647
92077
86441
94789
94463
99409
48679
98491
94837
94543
98507
86729
94933
94559
94949
94687
86857
99713
48823
95093
92173
48871
94847
99761
86969
95189
92189
98731
49031
99793
87049
95071
92221
49207
95317
98779
99809
95087
49223
95413
92237
87257
98939
95231
95429
49367
92269
87337
95461
95279
92317
49463
87433
95311
99083
49559
92333
87481
95327
95621
99131
49639
92381
87641
95471
49783
95701
92413
49831
99259
87721
95717
49927
92461
95813
99371
87833
49943
87881
49991
92557
95791
95957
50023
99563
87961
92669
95989
50087
87977
99611
50119
92717
96053
50231
99643
96079
88169
50263
96149
92861
50311
96223
99707
96181
92893
50359
99787
96293
96431
50423
92941
88681
96479
50503
96469
88729
92957
50551
96517
96527
88793
50599
93053
96581
50647
88873
96671
96661
93133
88937
50839
96703
96757
88969
93229
96799
89017
96821
50951
96847
51031
89113
96997
96911
51047
96959
89209
93581
97157
97007
51239
89273
97301
93629
97039
51287
89417
97381
97103
51383
89449
51431
97397
97151
51479
89513
97429
93901
51511
97231
89561
51607
93949
97327
89657
93997
51719
89689
97813
51767
97423
89753
97829
94109
97861
89833
97583
51991
89849
97973
94253
89897
52103
97711
52183
89977
94349
98101
97871
52391
90073
94397
98213
97919
90089
52567
97967
94477
90121
52583
98389
98047
52631
90217
94541
52711
98453
98143
90281
94573
52727
98533
90313
52807
98207
94621
98597
52903
90473
52919
52951
94781
98773
90617
98479
52967
90697
52999
98543
98837
53047
90793
98639
98869
95021
90841
53239
98981
95101
91033
99013
53479
95213
91081
98911
99109
53527
91097
53591
95261
98927
53623
91129
99173
53639
99023
91193
99103
53719
95549
91369
53783
99317
99119
53831
95581
99349
91433
53927
99397
95597
91513
99391
53959
91529
95629
99439
54151
91577
99487
54167
99733
95773
99551
91673
54311
99829
95789
91753
99877
54503
95869
99679
54583
91801
54631
95917
99823
91961
99989
54647
99839
54679
92009
96013
54727
99871
92041
96157
54919
92153
54983
96221
55079
92233
55127
92297
55207
96269
55351
92377
55399
96461
92489
55511
96493
92569
55639
96557
92681
96589
92761
55799
96749
92809
55927
96797
92857
56039
92921
56087
96893
56167
93001
96973
56263
96989
93097
56311
97021
93113
56359
97117
56503
93241
97213
56519
93257
56599
93337
97373
56663
97453
56711
93481
97501
93497
56807
97549
93529
97613
56951
56983
56999
97789
57047
93913
57143
94009
57191
57223
94057
98221
57271
94121
57287
94153
98269
57367
94169
57383
98317
94201
57527
98429
57559
98573
94441
57719
98621
57751
94649
98669
57847
57943
98717
57991
94777
98893
94793
58151
98909
94841
58199
94873
58231
99053
94889
58391
99133
58439
99149
58567
99181
95177
58631
99277
58679
95257
58711
95273
99469
58727
99581
95369
58967
99661
95401
59063
95561
59159
99709
59207
95737
59239
99901
95801
59351
95881
59399
95929
59447
59671
96137
96233
59863
96281
59879
96329
96377
60103
60167
96457
60343
96553
60631
96601
60647
60679
96697
60727
96857
60887
60919
96953
61031
97001
97081
61223
97177
61463
97241
61511
61543
97369
61559
61687
97561
61703
97577
61751
97609
61879
97673
61927
61991
97849
62039
62071
62119
97961
62311
98009
62327
98041
62423
98057
98297
62743
98377
62791
98473
62903
62983
63031
63079
98713
63127
98729
98809
63367
98873
98953
63463
99017
63527
63559
63607
99241
63671
99257
63703
63719
99289
63799
99401
63863
99497
64007
99529
64151
99577
64231
99689
64279
99721
64327
99817
64439
99833
64567
64663
99881
64679
99929
99961
64871
64919
64951
65063
65111
65239
65287
65447
65479
65543
65687
65719
65831
65927
66071
66103
66343
66359
66791
66919
67079
67271
67399
67447
67511
67559
67607
67751
67783
67927
67943
68023
68071
68087
68279
68311
68567
68711
68743
68791
68903
69031
69127
69143
69191
69239
69383
69431
69463
69623
69767
69847
69911
69959
69991
70039
70183
70199
70327
70423
70439
70487
70583
70663
70823
70919
70951
70999
71143
71191
71287
71399
71479
71527
71671
71719
71879
72103
72167
72503
72551
72647
72679
72727
72823
72871
73063
73079
73127
73303
73351
73607
73751
73783
73847
73943
74071
74167
74231
74279
74311
74471
74551
74567
74759
74887
74903
75079
75223
75239
75367
75431
75479
75511
75527
75703
75767
75991
76039
76103
76231
76343
76423
76471
76487
76519
76631
76679
76871
76919
77047
77191
77239
77351
77383
77431
77447
77479
77527
77543
77591
77687
77719
77783
77863
78007
78167
78311
78439
78487
78583
78791
78823
78839
78887
78919
79031
79063
79111
79159
79319
79367
79399
79559
79687
79847
79943
80039
80071
80167
80231
80263
80279
80407
80471
80567
80599
81031
81047
81223
81239
81463
81527
81559
81671
81703
81799
81847
81943
82007
82039
82183
82231
82279
82471
82487
82567
82727
82759
82903
83047
83063
83207
83383
83399
83431
83591
83639
83719
83911
84199
84247
84263
84391
84407
84503
84551
84631
84871
84919
84967
85159
85223
85303
85447
85607
85639
85703
85751
85831
85847
85991
86183
86263
86311
86423
86599
86711
86743
86951
87223
87383
87511
87559
87623
87671
87719
87751
87767
87911
87943
87959
87991
88007
88327
88423
88471
88663
88807
88903
88919
88951
89303
89399
89431
89527
89591
89671
89767
89783
89959
90007
90023
90071
90199
90247
90263
90359
90407
90439
90583
90599
90631
90647
90679
90823
90887
91079
91127
91159
91303
91367
91463
91591
91639
91703
91943
92119
92311
92503
92551
92567
92647
92791
92951
93047
93239
93287
93319
93383
93463
93479
93559
93607
93703
93719
93911
94007
94151
94327
94343
94439
94583
94727
94823
94903
94951
94999
95063
95111
95143
95191
95239
95287
95383
95479
95527
95783
95911
95959
96167
96199
96263
96487
96823
97127
97159
97303
97367
97463
97511
97607
97687
97847
97879
97927
97943
98327
98407
98519
98663
98711
98807
98887
98999
99079
99191
99223
99367
99431
99527
99559
99607
99623
99719
99767
99991
